10000
78917051
143302914
27100826
953210301
755253631
2600783
405390229
45248011
99951566
433832350
18585305
438263339
813528929
703199215
618906479
573714703
766270699
275680090
510320439
583583925
723401031
965443328
98183681
636505763
980071615
11597960
643279273
315461274
157584038
69844922
471560540
89017443
213147836
498661367
42227744
968401468
353778504
300134327
13649478
306246424
733966677
884751138
744509763
400011959
440466706
363416241
973726663
59253759
639096331
336563455
642837684
215013715
154523136
593537720
704035832
134594750
605135680
347315105
302572379
762719718
269676381
774132919
851737162
482824218
125310639
746481260
303742039
479089143
899131941
169907871
785335568
485614972
907175364
382361684
885626931
200158423
745777926
859353593
259412182
237390610
48433401
902249867
304920680
202956538
348303940
8956511
337551288
953439620
208787970
640123667
568675692
478464352
266772940
272929207
961288570
392083579
871926821
117546962
871172723
771058761
139971187
509024644
109190086
47146550
891386328
994817018
247304974
489680607
706686964
506717156
579587572
755120366
261483376
884508252
958076904
609787316
893464763
148144545
415743290
102252733
788268213
836935336
433233439
55041152
109864542
247038362
299641085
834307717
364585324
23330161
457882831
504556511
532354805
567072918
404219416
276257487
561889935
651524390
618454448
121093252
10757899
198042019
876213618
124757630
82550270
834290521
734544946
828531388
982435067
2804589
783300475
623219633
839739925
69050267
530777139
802120821
316088629
830418224
488944891
680673953
853748386
946827723
37746817
238619544
513900640
441966233
367393385
928306929
946006977
985847834
49400180
956764877
36406206
925613799
81522506
118956477
612420673
668583806
800004219
447372093
523904750
435821047
923108080
216161028
504871314
306401572
18281849
820959943
136819796
359743094
354150249
843084536
306570816
244413420
934220434
672987810
686379654
301613819
601294738
484902984
139978006
503211273
294184214
176384212
281341425
228223074
147857043
893762098
896806881
947861262
193650545
273227984
236198662
116758624
489389012
593586330
275676551
360187215
267062626
265012701
719930310
621212875
108097236
26501125
865626296
894834024
552005290
404522303
48964196
5816381
889425287
188942202
509027654
36125855
365326415
790369079
264348929
513183458
536647531
13672163
313561074
730298076
286900147
549759736
699573054
776289160
143346066
975249605
136476374
262925046
92778659
856406684
884137922
53392249
735424164
602280571
948226274
139945807
859319228
997190470
145762188
601260868
186132672
654789843
637386723
551459087
445158921
901735653
64642544
981806452
915407816
230719972
564620881
202307963
780479709
116710289
978597123
776342129
944476248
967589851
39267174
37254907
676512889
775921450
90647156
264453406
230718374
38873429
404399213
90037601
888580254
550161401
543814824
74712925
204951243
181201546
478688366
502626519
82937198
395847264
336949324
850861369
626567237
901570206
53169331
259563299
870796849
884282808
888421782
815273096
704389012
780205310
705044357
380901900
408643114
795691514
645355306
639361488
687081297
49754518
581915444
428177904
452432274
125730267
355407183
657383517
159448167
834095549
12526389
94901720
82459167
349475714
945763089
561542758
103562273
851448774
821106057
974359122
588247935
562044192
642148571
145153300
342249501
347192928
526055201
750892615
995400796
23926860
242770457
534998446
926197734
677202255
963176351
378630007
655448876
318583533
888529878
814897043
5195436
901056268
762315117
87654603
250531981
560594559
501713715
354094254
264559686
175336125
180969729
852807621
737380317
823118300
997960922
79629817
22827581
376532476
683038787
18228376
252975690
778325598
553226823
179173423
455527852
368919527
410319784
110976727
687503060
298849662
778390124
545214850
52422283
393221595
485385807
302954264
953816154
987099522
509564872
218375840
162435646
690534601
923699815
899815963
513652900
774177090
831962135
536480482
3225919
367517275
407225212
256201610
145842872
960452035
435375033
453887078
181887915
845694818
417380159
869390976
997060834
48286636
267122179
49483116
441508231
752507987
204953734
247840739
739607508
714518606
466216579
754559509
405053206
242432747
506891825
771222460
16609837
191370313
160219295
19835756
558887588
567444508
276037366
557246814
380412896
563928754
863650246
562300812
262139925
133546758
284208141
259200758
181833395
551330320
161200228
475857980
303838306
366153962
723698719
895962169
80672567
42431651
650521677
338242127
284864399
9929855
109464586
301474236
201300169
269683882
173826346
760187757
837128390
449863713
169950925
70057639
13792466
33601170
632358451
128448745
19664283
916566592
387649503
201497678
467896912
548849731
677355658
624251572
915003693
253570731
520213740
848192614
296002382
23251770
186434740
580866781
33181626
148415680
882341017
234481795
418099562
56167363
847185906
107744305
358547430
17136830
177801945
224856250
903254356
810160396
353304995
922918639
579243342
593470852
976932671
47140253
142320582
506804682
523908179
909840629
760375413
44121919
610549596
56377795
919890044
796984336
637244576
953071670
945400016
372101947
40069818
216015932
280785664
887255725
176276591
491849448
756908909
354078536
716705698
512679618
16755286
922527047
288114610
595998628
515997898
117563634
495655235
510834834
624368317
19563413
273191816
384743729
916201687
883741412
293637878
688608085
533242101
930882455
494196108
331158470
155500755
534265927
399690756
288802773
274038005
575967348
780652221
883463268
930045884
349874272
248659240
799317524
272401318
536773850
247832505
640915570
654337485
743487740
4266757
131222155
615567508
277458573
515965884
384285548
13716338
809603763
72893632
399474793
593002571
419606095
730633263
601019680
953872022
130324019
889822453
80426380
558807721
670474673
963889648
341369958
20348944
65065241
140687482
145266616
601839092
388519987
786182186
108692930
984524082
790448943
239915085
452607943
920423870
608397323
836893491
934140208
270517439
762303478
186131354
863520010
34425926
916764617
317056043
988297948
899604990
206878495
921240682
310929064
729869522
737646683
652299023
602734820
802711925
792986505
748001436
257067370
34022845
386699975
365760300
18546926
29665271
458191739
323671223
950089141
66589061
13081068
736745702
337106501
775384546
922877056
53142864
809810472
692158027
370198908
650624773
444279370
429593757
424381808
755208435
159463279
162028490
260023811
762198099
964740415
53010315
362715889
74324138
939549515
601932218
440084438
810612796
631597490
898276177
134284018
434202984
817381593
147365086
23465040
7004447
775265986
798858450
60147311
437592811
343532830
282862573
88217583
787812201
712456331
365115745
395536989
871919610
527144236
655560800
486634062
344401004
561087469
701866305
418725143
353153337
303798523
711325935
163766132
787912367
462118466
150566505
74631704
279500058
297931591
98096744
286504505
73197577
896955195
199168170
363306742
93004378
482030744
304040680
880816579
194487074
669156425
128869921
918923038
48817014
636947075
258073453
393218019
50550897
959939759
664459516
403704235
116254635
375785450
567470367
904167002
837903916
718036872
978798706
969920328
868484818
76895450
108941186
794198749
826366999
308109357
157505490
919371377
790140101
461546170
652704310
984627175
130702595
634090585
756066566
32035963
271037660
14140018
425253982
321588557
974079777
89713497
725292792
90334411
318015302
145279513
847017767
8435571
715832739
825816473
978355900
584317556
755228277
87297085
231032658
434111629
247922796
388538149
205999359
38062896
702600673
711220023
875206425
685819622
345310608
631272990
717855586
468864622
497929363
143109567
790453179
324525493
85339419
368262325
267376259
255871075
366058192
114394025
116823000
81890930
792726852
95178899
518724841
400471482
34992339
749757499
834583111
135431489
138295647
893098825
173494386
693412675
604318847
48700810
379232296
802145809
532490155
97087881
271010430
30419517
92713803
913979964
207461364
30569576
134758642
474837623
138957005
500816834
589231649
255780005
582707764
234474854
203475259
101432604
634946337
90983952
703706458
322045801
226415441
694518459
215144625
252426181
387931133
671979827
153643346
619679784
474125635
686133501
569284019
597652420
569069372
514514176
511632383
776530736
397600106
646391025
103884713
536557111
147207858
693116362
644853471
582431976
927591216
848328730
536380935
415053906
791829036
92603746
737099708
18244476
787122205
952244333
123187012
27569692
476740513
276830358
647249476
950866149
962963859
216533494
401034922
384549584
731047671
912667305
13596673
128647776
411574683
117481386
517721242
411298895
663114102
15091066
846247225
443221672
863419796
235144513
858275578
507765185
327748259
595375285
378526015
114870464
400135972
501713027
142440156
876876485
778543385
789689632
680258987
594023597
858739480
81293908
978573181
442303504
846477567
844686209
423467635
110568603
962167595
941188877
374383852
477798051
956279943
220631077
921019723
672216092
455775590
779295300
32497630
783523850
227186939
411023645
750910668
479839265
912736673
893350824
209232103
691280057
535556809
889491091
137820008
246812642
823301353
116393188
689116147
522295274
813595751
112583781
485380231
628279700
906289012
859764084
106077750
715085308
80395160
27097472
239817753
388687104
658909126
272315383
24727307
738612419
683339028
775637975
218451683
596075700
521505152
427683787
139872111
909578315
169691231
277692119
156390957
845508938
246601661
845507104
220320565
60197412
810607239
705700797
540993466
716896250
565464880
647071216
284497911
498376394
526685042
524315664
739579852
38110521
796631047
764307160
776722941
479970074
392461488
847690978
928562129
766482995
127891118
68434239
676061309
297582349
198642712
684968620
143091287
297760727
382992077
215928206
210474493
193599315
921629003
751467959
763011919
339610236
251055528
47509829
837986630
777740570
571825493
430082836
668367446
220972893
46906349
297606740
700942968
439367837
145297717
482021450
58367185
273188836
402972043
734428495
423287539
601614755
271913468
418895180
899375482
654905546
634823387
109849975
848504861
556452389
713834288
464033134
896062626
964889817
511542963
586565609
595146740
935884811
16648444
263514185
156857703
63554793
561120925
710317025
355438985
558934997
192338474
413806170
832123833
595310517
751018
107927725
49441625
272664487
526822906
801333462
927570033
161646292
763699791
628591247
570615035
477534078
92624380
319194014
294940248
456683698
905759624
890086989
245084862
774924422
6117527
401942565
690995570
567238453
112259590
898950909
126173449
157114418
165273432
810813636
604941290
166024451
918741361
654382915
291205292
298080620
308232730
71291678
459726912
71932520
699882925
30341947
401982953
645023660
202052315
696923201
954223712
107811938
587010189
199308573
735252715
593127717
453767492
278764638
12882523
418543436
30231900
991572327
575657855
195505332
654902316
33115498
361529783
426160030
687498413
652735075
724240651
995731144
724026753
36483916
920180018
276426032
66825863
322162970
773966046
121394533
19086171
728189757
81722825
458612714
780014684
816975540
904256785
233782175
948256532
917139308
652325612
978488432
761227988
80499820
173993764
416130303
113615318
388039901
842290334
653630085
40774976
419047338
501877582
617318083
455531254
422057600
746260469
374873472
596736924
520226514
496268005
468339449
100932624
577990830
926952164
880947308
247482724
683725302
967245838
195739255
453380964
472087803
26744041
214608951
552587623
200737805
483255609
518719295
588777706
178062296
172349379
482069036
597109634
674226962
951903474
52640887
948800916
698163942
427514359
545537839
70906810
923782364
13877288
24355788
354289548
793345806
905303097
601772272
329587461
725065288
797511527
782968425
197153090
824255568
997577377
602257067
877509727
333349339
120976361
318803787
511411635
145842094
800872823
108521268
820069056
605292650
13678509
621386325
155972946
441192869
19440518
226879756
217491586
33317806
251235544
571781134
679179966
9054994
26069759
8767426
734120282
823581287
644252206
783789726
500353208
494345936
386046792
230379289
827695275
359539507
549183076
339106909
505381602
202572252
300144531
177967011
807864903
313823040
799353337
963837849
755015909
818793855
43233958
825023850
704628015
294469502
249321337
236324334
156040851
275391097
97608114
890161133
98972383
741860320
526467213
451841945
236206255
912514005
682221234
63901529
124569866
83920663
255524792
629951468
286492916
555669323
807918479
94357818
869492364
607271815
58195666
477024626
278582023
101429624
154564829
983210038
248415480
403886167
219534371
404456331
679277264
317142486
147133818
630766001
59002805
673601031
82607945
147725415
438631389
617345534
64143298
563201255
701266197
172184445
45669076
987759113
727853768
853587556
934633285
449862485
313375724
845345305
779403466
591957748
799291283
933968295
575167785
47706763
337854461
647218511
304679448
17131724
964360997
304329620
500414079
875880156
977930651
435538379
876121925
269078394
52883912
940265224
684796003
606666463
112449668
730465080
446941930
692819790
584052635
234091568
995198630
897428359
79436873
774602095
341902460
878728156
561086743
917070246
778951273
898941205
416805110
936147076
768589283
233682460
240476695
121519716
109562615
70923700
557058095
838200895
192518448
462458361
630982472
877314451
69124823
595948494
607779530
368583107
141284637
44348518
602674676
136483266
794293232
534627903
763601715
136195691
265872412
324688458
905782291
44823685
76146016
322587400
833487115
697251653
556269860
73963809
818771369
518348830
997403864
375829463
209066078
189922311
838287824
840048550
67236762
759929002
435997043
527532646
981028463
577281680
424397519
436219492
566281301
218690750
970847395
329883015
207402795
236719807
507087827
113185086
134059846
583233843
288288840
967546961
133001850
844558701
894027124
951773219
215423884
743947342
180119036
424489962
933869653
18406859
117054865
853622769
630852215
553051908
233671769
464397032
982849942
658069288
900616524
549131242
729276392
871463919
731530612
936679187
960700080
238618438
49864272
94759925
674368636
190669467
914823240
807370486
35228167
661366717
759143704
103168405
257830412
939262740
380174721
44216419
810185954
497229586
897839188
293554522
50281493
984027311
757951554
885647789
494612952
511084432
287295385
223889343
235064704
18825996
13084884
195764783
109960788
62949156
143041062
784329424
106134977
910380656
591699909
141363144
424263726
203359967
97047903
682094139
995139061
477222624
726310558
657841368
974452210
476666099
951395891
877250057
460693410
561863798
615414200
955306362
72948229
902709585
31712059
160529287
921535581
44796943
356294070
31496368
960262454
351851486
668342147
66397431
262232141
112558409
60276929
686495868
315918376
9841187
221106360
163573791
487063811
947416918
821415159
314032375
424083016
625327403
43798785
737292780
39707555
659212985
545115496
112655784
414438923
576827555
125701426
188490857
474140852
481995496
72503580
434403305
833846983
740845727
353317090
948595478
853404136
413594020
487607699
21838866
423435207
708714059
185412657
763015372
656130976
6827815
77047746
932730347
632155219
973362887
670023126
671862774
485092225
67654975
637034912
899531149
644482530
762736338
88022005
118623381
97248188
160525585
405543041
783611525
901371312
758860131
732207002
607291802
24970504
72331055
629130668
300922065
781045114
814543325
63937437
289692444
821371140
993501538
222422790
306042712
966864424
744962270
830421840
304473003
812617246
319973106
204004151
309616129
82709443
144542510
280755865
32473985
305068096
686298906
816085510
58955761
297675390
400808866
666247563
175162249
473139921
147894584
476084314
106701388
962437909
540021751
396393832
636325403
386039643
618816622
942368115
205420420
216295246
625306309
509893423
28912491
945279415
713897574
338528620
880505212
858440085
619284485
912979198
16024534
158099744
581581061
74980295
308291489
834906281
593744213
483453738
160562555
741638797
959538052
267263944
556593060
352076157
663657776
192918462
738115800
134990752
987802931
943536220
351285998
613109239
453429643
380198489
410905007
19843570
571243463
291410219
730800009
43044302
56905770
746824543
201144046
491003185
674321193
509435535
325909466
120581759
992889273
486472021
714736910
804943679
753735965
271329969
157019835
269910095
316764785
895135635
404900847
304567716
691188208
756186845
770193309
144617850
136385333
181098316
16977775
560145150
325024889
747777784
603189452
381930659
347118681
804333499
872933844
873956228
166285387
51359663
994537987
11691014
390348039
561791250
816634693
144084003
833121220
826170882
266510452
2402358
573822870
671411299
306970074
265011077
427598143
77163383
262145282
416499830
110778053
131639411
976644981
435802942
879417195
432350786
670249955
79052229
89200638
395700152
953008457
255486026
447059816
800062797
119693394
837407855
214370401
936328087
834008212
47491620
615015322
100518664
49893978
188838191
624446317
209380407
306365622
52044460
139060144
568510904
321060644
102354551
700150315
150221978
538157493
432083864
582572765
60923801
363652447
671773403
456623953
169177258
779775783
903683769
969240055
899469177
593607977
36126809
688313617
280132543
83618429
303328938
233167561
986028763
344683483
857613878
47925523
651049106
762174692
39502021
72076363
935751691
141856572
772226679
85973668
680014065
56826896
521062787
740937866
420479343
45352544
50078172
589656601
825128327
953761942
411413010
577113858
399886272
447539819
265427474
532535169
383674603
421272767
765702730
222219719
765956250
475832962
122661596
417005355
90524007
162163617
489081719
26275697
304020189
113824751
964765721
984034254
23168001
338344861
577488473
443647344
236213759
627566645
885820300
61342086
433844940
149749663
490972298
686247567
597289482
756399772
218782735
833480439
30188892
837001820
55700157
796145143
165351135
30878107
65666851
255875142
193041724
554748570
134667194
497061913
521089675
951949269
333612520
544257676
142810483
911100993
987905021
379024243
391183992
726241674
292882683
677545286
875991337
783854981
363792852
325797172
392771106
435091942
159277611
422959999
272093761
67494122
219105141
437444896
98372230
284771992
545836392
291413954
692036917
680503586
788475868
213126591
484969208
122088387
757384268
627779692
885705735
597805642
6803934
129406080
176563669
299686617
806951366
52555005
83541597
23260572
378352177
328829057
458352514
390146142
751789056
582962629
457640265
970894197
20407524
408528849
108182543
418760270
699942803
800219460
99263856
340935024
865862405
436749418
315539766
475763026
64529109
53761854
73568667
71333043
35684288
102648690
223536014
842635654
155203695
159593965
718412580
386072227
488423023
29281447
776218369
92728432
612244076
86374987
63622629
485167954
494903836
24321526
903928225
47362993
677057340
855708435
388298017
542919744
292457852
556354137
18682770
209503316
610115991
944767792
133352713
645800279
47416482
356888728
340952287
55136531
368999047
59364866
441208758
857422070
88646314
69943481
950150503
553406744
156318468
866289486
38574698
651222305
743127366
942502923
698585298
420184705
650727711
86883314
815620803
943185563
495753806
686819927
5205232
105869796
484104073
138557946
604186430
384036909
495446674
797655071
439173440
864445721
709536291
732898553
574384145
650698959
802842034
377051001
204105703
959160502
95856840
95196755
610382806
838984206
37699677
161484457
111685264
540943742
100884126
927306067
336645658
596637932
466642348
341850891
555024082
950746421
480408837
11726865
334783329
975855511
809381936
626473123
692817585
518918227
359371675
119718083
22133539
14730062
349285438
226239242
973890565
445142278
321435997
436789724
136642837
211652028
598274182
100844455
752595770
699158308
28150522
89241428
295796239
347309224
283608673
850820321
298055644
764017510
862547187
485355327
592389374
524445476
111828449
137723312
43363702
323716479
257441396
65497242
338446541
606726834
144252838
312337105
904385467
318205190
749126830
41028303
529857218
199917365
141872759
134969342
899075673
22539635
76727124
47388265
222365213
360335797
898208586
520420857
124353306
613272126
5776183
569259034
137717602
970120987
706982346
33597658
293837465
964423742
951611255
632284007
423666930
948380448
797137466
180568750
266585637
398780649
74113407
648959209
598698014
68502520
783928551
497773686
91042155
713172029
545161951
165923722
73507825
295886891
686344579
50377485
761675371
544637116
472152873
751909327
367274457
179135219
638023340
661111922
996075315
442150948
145912282
272258598
390531395
943049749
452827348
509633386
194346751
526940756
158592595
793044766
595443276
795037500
143334805
539001786
508209529
688496757
704925508
434233708
836900002
243786441
337127548
598575372
788423557
809280421
203001053
8214367
840931994
841024393
669326290
837007309
283175340
667754926
109265906
526223090
463321028
414609609
35856475
657667780
941550365
46965424
450712545
536993640
842002925
594047350
75995425
202728807
135060460
633437288
636962515
971960462
877223729
826606417
423052188
518163639
488403192
626053241
526378007
329335185
319593987
48220650
18858847
602769327
715975576
980641109
128992416
179296604
395250717
17365246
836964384
189317435
64330670
140193282
726311075
906333595
586756986
654822855
109062401
721817447
140776496
598541271
546294262
18000224
277664041
821862804
536163863
766067233
300432398
62541869
95402418
620026385
110762519
966777620
75312066
679254450
947418728
56820836
858551054
195185798
74186082
548031791
384503233
138516753
540741427
963330663
897366702
127498412
470669871
858945458
701832213
611446367
310003082
100642829
629446591
587667123
922505633
18126807
206250710
222938031
933185032
154169482
842964416
896463905
120947101
918276482
575718354
920882184
975097319
286785761
116067981
901799755
687333906
353087569
892832862
228075332
168934585
642715918
208090099
639604456
354177729
909922312
251050822
664180811
10565140
733013767
104364287
933070774
751140574
310614997
8525158
536841959
464784479
704005928
433305864
438247935
474798764
861540572
359130118
302412436
842687
327714453
204212190
688176593
533318376
97045052
916251926
702252961
592277324
124342024
341857416
946455053
886780690
445424592
463152217
897345831
178438358
567516504
682932958
782095287
730647856
543974470
318937245
47948688
247980397
604759463
486196623
722779161
466300035
845326741
25191596
467142722
25557548
81920141
7835668
558875924
31481547
924087594
113645239
623758871
900945972
455502655
422730277
640243016
900927248
885882494
390105200
931881960
305915351
73038157
713977246
36563206
469528981
885430846
84511895
717509378
490190308
570708518
292804893
809006697
268551613
170512843
128665772
146625515
104949338
136501441
705501439
136430885
60589034
819146678
612706110
814051361
127165687
35436386
306810730
880609289
921318880
696915930
812491248
79750585
622470441
378984848
116313791
91999421
116932047
53342040
662025153
607122355
624050559
954830046
268645406
745118526
977859244
397311178
891744041
82808581
533812619
449761833
71755821
446918008
121424865
684461931
113485722
248590552
719898318
420296452
129199840
493733551
117212381
794207442
573484136
739682822
25708643
542314282
684198597
142640690
595656322
346223749
602279400
72223234
153570149
870924806
817341760
131429392
268235983
709085800
66754327
802048603
11363987
138510148
101482964
132788852
822972080
214968686
381379404
395386751
635265138
363095598
741636656
752477519
9819393
167637146
344676694
35528037
709951428
28875290
30685081
305607749
227615393
632964481
377830984
233701896
356405640
47689097
217647642
624641624
756774898
284401970
279206580
768138885
275428472
380689544
900927737
98400551
595658230
134823494
346303656
83439721
350435446
87940312
835917240
360254839
108093812
33110287
248299230
818045240
914501932
131500666
123652988
142117324
764465147
354000326
228335575
120870787
401689424
445983217
598028765
10980675
730385187
729751699
631635914
5813659
110441242
385080004
956730565
558615826
519903498
155550575
642055547
870338944
96007241
330489140
83110136
204101053
216115781
183925721
22146292
130617712
315426387
998315635
125251390
79891533
204832315
353586965
53278674
459038093
799570183
503823793
470018768
382471723
86091845
101654681
240801736
49049441
339251039
50048655
607665267
859154537
58115584
102237167
582009834
154122825
285242661
517636324
210740232
501358442
701562045
85402878
631976154
16988431
83718512
609743899
949396320
141067181
963330864
855191348
600105274
615417400
211531495
922640396
850405478
297623340
876811431
91207213
346672782
216062469
993772223
954338049
927733360
51887806
909091571
362259547
58526985
194334231
879895872
269267217
695692674
581457916
354670095
180185181
450962702
290904962
789929080
400359021
431972143
605776298
108066722
884593772
73710051
319598217
807234167
924115529
617221558
536561952
867839097
963894340
752624421
714127673
770748742
532874135
766015480
679840312
895133682
824542465
726690898
775029553
93809682
274899925
209003823
300996131
455085106
659966525
591901093
97530540
912841900
23873236
555823192
20908621
760983362
629533243
340506839
420733882
406165126
957728397
957295834
126520576
774139090
562436609
840648249
544887831
95310743
459180082
77244497
990444425
136238901
803935395
617990332
82564937
78835319
679510509
383561068
386436779
191993387
975462162
336483673
104835286
851851752
892306865
125743907
465351467
374356462
318767100
886085349
780521588
129011850
843381183
759558518
903150940
258334145
452723120
300555125
353644888
911903203
230315976
196605666
900658458
34251370
667112352
983223395
965603044
346622860
219300816
204556176
538616247
47279331
541039850
495967887
751647437
285863068
474228149
216998903
660219530
792995249
103084252
293257471
774523454
798981789
52815988
530190747
57315933
505539109
830745872
263477175
269958665
61061847
312599195
23133476
947829572
979711548
6356870
765948969
178850761
78174040
823021500
717467009
125453372
216577703
65951249
729617163
502440771
540179398
946616067
162660301
185691001
902216673
455917772
960214455
553714815
361250115
490405201
463547102
866789224
173667427
579540631
989264243
87245628
892139826
12397718
887591555
871851373
871270943
506056877
50702134
949444983
329078376
620685497
927414709
545656079
686636746
509548226
48096850
79332498
308680646
63273505
265023499
63413672
371707631
225237953
617128487
732957746
568159508
933191943
452263323
741826935
512732573
441527565
681588918
257388752
306441637
569180472
129240125
177712579
75237348
32458613
979673917
256832079
505660464
759604979
655004512
44813563
269153204
555617716
124146061
577833850
618891221
389169560
641247522
990598853
466923867
110892362
576072952
35083375
44084304
28336275
629426664
409333231
322380194
311015581
666721984
628821832
732712407
648478463
806534411
660466110
533453430
638724681
917298189
891630248
398329660
424819054
936443811
519999218
980436771
913106227
97833068
451844345
154792140
591596944
294959551
621716008
555005661
871032504
656799383
451606319
899368779
138742400
860939551
74265326
449757982
380177888
703087158
34986742
881172705
362137923
695452852
267142488
862603
465267394
158772735
251708617
890086449
947732900
771707836
870523219
860839126
722057258
174883917
15631266
166170555
469843469
489863628
721176216
340875972
146663010
172782535
92761104
137921764
886238440
167026430
587679746
118932681
870113589
622666489
105385
84767865
170635694
267247873
85630468
635903089
278536962
337339086
525989537
226269861
109046921
249029109
939625342
683620533
423913026
807772962
849791088
893756495
297636589
570967304
87148820
296815953
596266193
32426278
434737717
482504632
199452709
874933818
601437313
922082652
350116660
454059052
6850516
520752354
721306925
92480984
156655442
999843887
282336424
535161333
78630101
243899699
784190442
18255442
927520232
60619822
678544758
629827674
806892671
976181347
53311331
894041492
125513653
649577524
926467770
412767725
132082155
978436833
287701542
586035822
900519484
637818202
40094873
759886354
11086909
613918152
704883693
167742352
466278392
987220117
702903685
397424847
83636170
339610481
268196644
863672756
252746657
946741402
493500429
59639327
775439103
546811760
806197173
900952756
48905637
585181297
166236834
33504146
563618129
453938376
619539968
316653967
944272932
512151195
76540320
955359842
978585701
633940367
123102193
297380446
473676838
678522232
694805294
557313008
870649067
963001938
273502117
123395723
909743339
767002547
35551405
537698795
166330660
841748578
291167905
215236298
426929874
457404739
248740444
843064358
911343116
720796767
12234678
708132401
85464315
88774998
663492242
64050016
575231720
639110789
361430462
48908557
170149375
56235755
458737919
40798441
871754047
732240036
16710519
634013740
351758936
52261924
171712534
518089597
894010502
462880439
585842249
173456730
920285179
834582693
16521087
684144648
407895813
28755765
244793402
493360129
970047118
908285645
557410145
397795191
399912787
771356961
446703748
422578516
680109071
905441667
315893312
551863117
490198057
332603831
38393210
841956993
237382109
210105745
212562943
131392610
525502538
798405192
157365694
298304070
485504239
26403135
982448718
893400052
907675255
79758474
386760180
730238727
988044119
796686679
128033917
240473259
568043640
427254020
663051776
100669064
185212040
978945088
652532181
675410097
164065272
690925392
517367090
401447381
753547491
729930033
385356345
279050028
380851579
395238394
577354099
866355818
421641529
412319170
759755869
181833138
492077644
999032404
912071865
332638116
795719082
40105781
425627730
216279075
319876155
88679505
316948139
505088196
920140947
821996675
180498292
936722573
365438420
550381736
190686307
118985910
132828123
576042652
250552292
513679702
971281046
827906391
380035519
245438929
92741915
992307742
427272067
437335913
991340145
191860285
769974030
639575581
84482420
48118113
708371010
404358576
136797618
25319149
909446772
909454919
699832178
89945063
698693845
65270597
492843154
889380152
36772861
625671277
317939157
287325153
139350978
141736557
115231544
371902851
387175486
60489813
364210592
666963907
497825726
208067091
858824192
120316109
700159026
943306612
168434222
408530035
347665187
157748194
286365538
109628312
919719467
986197716
52089730
618413311
903984667
544932884
360309816
940757528
170604160
678248974
228082681
162471492
819985531
195830579
534374343
59677370
108836746
898584935
726641277
606662472
959168380
585465468
579494936
659327405
381288433
747929158
920373795
728953621
758193707
59255686
838581933
677913173
45453402
890671663
148842838
801954423
288120900
509152654
742711951
458725060
39917981
823310986
621196552
859903512
19141564
8087248
919580882
127978310
906672184
646222158
587157136
718356917
84203979
19168425
230200676
465492413
767097584
150574470
46962387
377807644
209830156
738060674
55720816
107799912
481248691
57080008
909754336
769369591
418749017
504982640
80611005
458666998
180809979
701807557
318570510
52467897
709894806
90667745
32962561
469083343
736889904
620119697
39956613
673610237
639288123
270157289
139102649
258902060
420731759
38581390
636709704
483078270
776642065
544946874
590878182
110407109
454543237
353148871
879776700
873292254
710647865
960387705
331959251
891457844
514711616
503046115
943925741
77122775
593713861
976888302
546206118
183120118
449524353
586162731
856730355
88812475
856320021
848349359
200230889
129568133
886930749
689456947
612646403
516089167
86920174
56040939
626496276
541463411
261706164
358789330
414755664
972354030
319177034
599231270
863811873
833888650
102277384
660253968
911011425
695991245
637142269
309733896
879111363
86666621
748412982
588358072
27995450
457249356
436707430
80742693
586817489
176154532
770199640
51980246
544760054
857119815
108021185
23772683
251099579
222243703
382562013
665855244
194597732
701739048
117602867
910925960
388144051
219880251
571179927
151671830
768387851
60838549
313922080
500015567
21525
62335061
88373638
880533330
519584417
377597422
961276024
958918261
553751955
583992017
10898506
98512008
293628185
971436046
122284691
544727765
46196102
357363059
63099362
240793835
59102106
180702229
4236148
299762511
253098834
575416075
303950695
21486684
488770978
617872776
521502252
488792503
680207837
462392244
221842187
52308608
839989667
35634564
11226868
246257975
619626581
874641729
197286337
765771121
698594128
172087382
163015239
744790230
529450441
226114601
838100419
441068901
259333184
842336567
740831413
512432018
270268995
44782107
533918703
759039974
515171237
907937309
100348830
47895428
370329552
322191017
100204036
62835572
357825581
963947259
309093547
977452163
691105341
506379884
595739637
242215822
678467267
758754876
987006052
207917707
984869477
677622825
648986609
96719014
519959391
242334375
609151032
790228387
139632836
143069734
401784714
654804074
903523397
502133544
702699502
126369303
824324562
655419892
189204875
182150142
619367150
498298423
12118658
162988844
4678306
607858295
405204666
683145573
219129524
244727071
743579635
56515354
922349896
245082597
153234368
294825641
487416972
762385401
85054027
479566162
757971489
339355095
134370235
661494886
841488639
689586091
787864189
665813200
197522336
977069064
700479697
816889486
327883840
712598355
979878330
332562147
172973004
237599349
868224074
392102528
482326421
611803708
448617883
404676316
856886305
601852251
699501957
196819630
216754005
637072338
676385793
974725495
976427433
663272382
488736734
670432426
205374827
129117276
188761979
402897163
106186339
889241676
72303003
286586534
454356385
904697687
619148681
627329389
142297036
339889108
871948271
624623457
951692817
173082507
881816127
661095475
774934759
433834438
710431460
991688764
70906775
239333606
818930612
899850563
902605988
307667345
422799342
960497169
436784621
611561321
215910686
395487315
500802997
288213689
682073849
955159382
45427729
153738883
435005124
187724765
493627991
159469748
664864576
297837161
332552256
546680703
811448991
107487014
980515141
521880450
951692132
903938270
761214056
623139098
656305186
516336397
930806443
79104527
329349920
220107418
543182203
545260606
468111087
43985199
833474295
2701289
851660935
878902024
156440172
139182412
919143144
502584517
298652160
584007719
800421679
631204416
983204776
464387023
591207784
816236270
986267473
395416270
572690894
599997882
18555367
81512433
968850633
801878164
13133315
298200552
874501936
556315518
843461158
342613022
452817071
529451806
345314311
156994359
260870184
354270837
296176771
32529681
856855355
447345285
616537400
509793387
78549701
452258530
974180410
522273839
268494799
812964236
770206463
841185693
265478471
641278184
922698127
234329103
295672702
935831442
385046010
170174637
344663313
81023521
365304014
797480384
610475328
710618325
954474743
723861866
64889162
103167867
756391547
774260871
550513152
225445300
284054257
481579207
677703830
110751020
3853046
946198630
923715256
626575863
639900676
189193726
267854047
415115156
276039183
563526749
203462951
661085193
586217740
548126264
742108715
951521754
198123001
205100396
514656433
152597743
928962262
432061949
255765610
685353808
206322819
806278763
910799108
342893430
140374323
441019292
453644450
144227369
239734275
377359705
623319587
879634951
419069785
891173634
147266461
695108968
307216736
203245766
356194161
893434476
751372031
98302875
697472584
949495032
155919625
212129016
954609130
84881886
644190965
62891093
622752048
703030138
869169856
386067509
45923567
9544179
827086801
499568017
6287902
66821075
729444076
482123843
798972381
148513860
225813830
946238842
843622828
533030566
2000961
52333342
278981396
753372992
3152571
976453980
555384378
159072196
41099349
362509861
96470436
537806668
425400954
719222484
240836805
147087164
105289993
139276726
9147697
932376794
638844743
15435599
851714224
220805172
350075797
650686604
369319032
575889627
449441799
65458213
108920193
451442760
117791556
240417943
57332106
973460482
69388276
465232838
132532678
110487625
827742699
81519468
500810647
253143652
800741953
741647452
400230816
906031946
880924178
409378513
690925093
372285274
277330467
395155670
593090446
627406264
45842273
814925832
55812244
347800426
880384045
17248791
651759541
850691955
257666734
709091647
676668791
179571364
26840838
661717823
142575343
854583537
743237291
643385990
107727188
543979243
237549795
360474359
302527542
118473972
622369226
845968990
343275600
899699693
241124659
788882400
379622310
139483287
603808231
435434555
339800067
336708630
452683346
991559608
39916938
562866435
553167608
716585729
742437799
580008446
230819905
885013143
434591982
974057197
528399132
394835525
370552793
765948928
607826238
673080336
736939254
230195463
371565679
932731209
982411511
612690338
721613608
214550174
604689979
177938193
649984729
944490047
367163177
955184430
936049654
407080115
518050864
341733616
976182199
113005016
921742062
207002103
998018159
208850398
33575653
378933645
603685923
404128447
144882572
64028514
77208782
734338180
294223977
301290815
519585742
129151841
913981153
93715704
343702016
371187486
271653897
993686745
315677532
638817074
801387528
104243539
898413543
171954745
445977155
874595741
284959762
220235571
934114199
282977920
429085969
967689852
661911565
32771891
371818298
659310491
96800405
301543434
246165025
243540736
602834249
765750767
372692578
369331756
859466471
716394594
740519242
983636722
562597692
908713128
474970149
216501574
12956666
373383692
388456319
311450176
100495786
673416081
531685747
34609984
956394002
960771716
854816191
470821920
846059961
79150842
982648766
795376720
380694277
81330144
891433810
836044880
847080911
116642741
57892989
559063736
833037335
798412231
395216811
248151381
559641712
870186961
464652955
425114733
96087006
853109274
736564909
196582792
379041709
120767009
83709131
187952064
934055079
938525322
658773984
632631393
17676163
493939103
280524466
250886794
575269247
171958275
86931674
274866512
288601017
144824663
833930248
974154706
795753249
81663412
74822440
207911314
951850373
539475395
633026047
47937378
245101023
222107309
97036525
624142732
342874318
180745656
812094796
129445750
971787332
323385133
762077143
841979849
817324237
42601608
92866643
245109837
67076238
32314671
519976349
355677255
29655688
206422950
182348314
677925291
288086363
257170755
885836606
239936735
796646150
371379006
140390468
894263527
593486316
237426993
370922612
936360634
418172649
35533761
65806384
242476334
358918895
680399881
84456182
28759485
723001490
29839179
273869322
790077728
914670205
793845672
998271337
796842248
268621
180619650
327283892
140871338
437790405
65636851
380808074
86952909
437015858
521198542
981216436
30502173
758625535
204655402
819379161
29314537
240189163
737701899
271790871
599108058
418101780
208763407
480383897
993619624
238602587
754253220
636213705
5789145
400615245
634485041
802631393
253400220
667621045
129915285
394271559
105411450
195552136
627595987
44880713
632567994
1310882
878613503
515586521
759936417
83268904
334965682
641767308
323458068
72667580
913558179
775082480
343285714
122321585
255466377
189421691
213440526
862235951
825635396
219229672
115367549
312636790
21861064
368767769
980257836
4292703
615555682
938185640
52361194
243151668
983066353
684929188
244462550
714196209
53032063
856915321
797465114
387997745
498682628
973439536
313181679
264757160
748522015
508983748
239595100
856504746
698405439
305551980
718740696
524040835
524781652
834108245
836677625
399159071
55392368
669451814
255968128
670948050
607637453
308329322
766616073
443220159
993258511
11078622
9932722
46290573
720510298
807397836
286804672
71709279
633353725
452502705
336466440
234392093
961486453
428577894
90896839
659891892
734129874
662153889
36449080
111427880
348778488
725643059
510586951
404170856
395094873
766555079
927635260
855248680
74884401
694251332
150985193
920659266
557846309
160917915
819466193
130872960
968315751
958787219
202582239
454185829
411289923
539048679
688577922
225292730
967626573
779474761
885184622
554272801
294145004
774150056
665700681
642923492
499793114
28803985
47094347
747404341
795359064
827245961
602653021
722759819
374013647
753638214
495935438
931859956
914556129
167917984
62732915
735388233
126705202
117831508
42090415
390511480
656880188
730668337
615804210
477023114
362659452
353505185
31295914
656804456
127655240
549512949
299727947
479964708
578316934
199338648
79885403
226192352
26584608
682538424
948952171
253114609
288692991
297403963
37490918
55765473
317838301
100223833
643670060
297059858
70571696
685760475
687571338
727451884
416428811
155891901
56991351
779088263
361913440
940803621
288409072
342085034
490316569
588137019
822049742
68633503
639992021
901935145
147342209
519092984
436989922
96294379
772207593
578199267
246214696
809698512
633964740
564052998
762438699
130151153
861112856
833010395
815911628
401200547
412978632
84856793
409608802
469969984
863945056
771522242
263289958
4870482
113607275
753606527
593007501
788173371
674756384
85515876
542624870
822098593
604608860
979614792
770909327
376816452
410330413
869640377
39031317
44295152
286209728
801470017
26962660
147322583
634480411
842874288
401039484
47459043
927731081
810648286
369945381
644192491
434686881
633235339
649062973
548294156
239358219
94586827
188983881
766630958
180102703
731608751
441245904
784711563
563739896
64671584
14044369
974070309
934311962
53075686
870881816
220521689
854545703
897844476
220360627
341542468
740718763
473916465
241517865
520966198
137081105
611463246
165158688
571767986
97214938
814221661
120062142
189089511
908808488
161562377
955720469
88911191
893171128
396966373
726139108
456911023
461637957
740183477
283497686
248466272
793259164
154379501
468987962
647804866
52223976
541864943
989347334
645459093
15781407
83381552
18941644
152862512
694844798
184100332
724630499
644576090
850838347
697208995
833665602
612163189
858771372
789386070
553590734
604458853
38868796
279729841
61369875
353023108
19913318
197383915
601489380
665688836
351763416
70477341
166010055
256503746
464858638
7873743
754479194
480640046
91255295
773420838
486018912
786100094
957521171
63165764
283192537
660875871
760374759
116858138
273039059
471662484
758760563
826629793
76121336
797629359
958875989
990007567
3168820
831305661
39907835
604658201
496994496
391671252
527651896
663004551
500691352
992510535
670878294
255170545
325666934
762133590
28591383
811685846
400750037
838628908
874851611
683942574
352021132
487742723
653317067
625060192
959405208
412077629
304206338
888042898
62223341
115598680
730566818
65392162
946904341
770474654
670050363
296415190
14662259
50218612
959419742
515353611
42729146
482814389
623040511
368396080
97464332
504148248
32598280
350730723
195293509
907449891
34673297
547314641
395192613
540506718
24891186
207114174
952584347
329097525
947673427
867324042
444696205
530756598
932716204
244116900
153747605
455282920
540532090
168409864
505501533
352468185
536279830
400747033
835282575
159320340
769143114
785263261
663468588
801741394
135993984
858762097
561707638
23183635
258593091
956900251
563690353
283484278
16530779
368791053
612581803
964204206
88631448
909794362
347477157
21347652
153911261
501224763
329146926
694443352
669634627
687164813
46911536
58430810
87911846
734710465
217751150
709571314
372490080
733736092
363829061
508484064
445014542
925536699
384184053
703607634
734953303
947874406
987091912
751484082
169181812
452190068
568204641
257813260
361984429
915681799
131677266
368412045
269422915
313340547
62855396
939057542
505359
962283287
997488353
88417205
549510106
67755856
650504873
922000186
801491949
14333933
283000603
99022844
939870632
667184656
802630478
527340289
467575415
789722389
131340724
489273581
94428810
699545366
747086841
456413240
467743518
731280462
824825285
737166433
44621008
740197035
528740328
45126367
554996675
378745034
986059928
957023135
299017245
489081154
731539674
100509193
503415088
14540276
52048391
295802073
534241286
854678870
823142362
854333055
496917612
954483087
343606635
591346423
506544806
943209831
47759662
826804678
674490292
725101301
416487464
571627654
317814689
945227792
469270375
725327718
176489180
307846656
682350853
475506425
796927811
266406880
428531972
152859252
133463511
480580363
448661325
667704797
187775586
124320041
374554206
684693199
931319482
718160841
276039621
290380641
513887025
176315637
117185318
40893670
753933292
533672782
612521324
71747980
331416927
81791699
649592052
360422461
389638355
184459258
835928886
39082519
450866139
116977211
191941771
584329650
450073929
640603097
104550800
637849515
617439492
479105006
322542713
548758973
49782201
451098688
839139614
563669226
627414325
808841286
604562897
233863970
195030421
217084220
158128304
526447348
151392273
807720357
886869810
541030629
992179615
575315049
580113148
443045753
544808615
772054920
27375402
994882544
265174370
131926203
632732058
882613862
463547563
807791126
283889188
513329764
258889813
975545156
76998990
738820493
784386441
681561887
972684463
979416862
751162461
130812767
358380563
902554735
938533124
97766726
296101717
783229092
525598130
876214865
78791199
70406744
500786138
106166601
65289287
618476862
90609158
550537699
353607077
406673076
210845178
637496265
920002840
469734992
465557774
997001830
61071838
102460568
531080070
33756300
81877429
134758885
17085421
292774347
37313619
955618545
243057427
333415336
591363991
768655557
62146554
670155190
839062301
415449047
628838145
756867942
33925908
571963658
159921995
387532986
978636734
370767173
877545605
898639573
693018519
343103379
748157757
754090357
445563947
131754180
787846658
379957731
266513065
804932079
525248432
156343038
613066978
768305859
489758374
56947322
536961416
404421283
727102512
228540070
819870330
355940656
837924367
853796238
927904314
997846362
93845577
759057401
221129888
971391183
510213328
914148408
167010915
110887438
520755118
465091216
242641618
161118129
845048947
361671038
966050209
222813732
518014076
431633540
991119592
7772450
488580862
380597361
264710087
68199727
609137431
84580416
424140383
299578151
790893008
204561051
149940866
884738586
963618452
371070755
708646122
326348133
137735516
728173391
437235571
658490634
193264606
679877190
819608764
890829908
41548227
638175326
113643639
412078657
922325220
104763230
272367461
263422435
337876945
537077548
331622162
947014377
621657964
755762545
99108881
265067326
812839950
249049748
2322265
628974756
620120503
710968387
955322889
610372373
291658131
392558460
121379360
484922737
924952004
940988124
228268998
819016585
431679803
341912638
231095241
206521376
299192222
503462703
469943811
637069168
40540250
801565973
436599898
514714569
409844872
535708779
779781895
222684821
784758527
782104160
851659577
257395383
345588900
659498820
867767756
637247031
52057279
989147117
974686122
829525637
782651594
202955120
648542221
66847751
397384112
732153816
273369127
696576334
88132872
743312939
186161855
128673123
397395265
475278107
495904046
807240137
10986886
128202294
29924958
648261767
762822808
734100889
758173505
108411707
246116062
478457614
598175092
150689695
320121084
425377567
980215332
102772678
628332687
481273906
22136783
25716798
213427722
148022264
574809487
301560594
891335203
613487696
282750071
141246822
88765803
631170471
948486959
952269044
759372765
830928271
453047164
374711926
417545514
211220668
335639987
663661576
689678283
933815079
814351272
9799366
211709000
794566603
965088399
840041687
128356863
839741536
718274840
341784585
987763801
145600680
495861533
731615357
759088376
778611605
872862179
700370533
262298429
821349138
652639576
21671194
504793762
105686740
248899474
922339276
169423762
584539462
586000852
711618399
370870894
252868477
573934120
582579894
47435079
391538872
275137935
28308296
231280408
993412775
370092881
71560562
991529809
865954415
803175919
603134538
497082373
676038098
303505071
759380802
349903589
808661001
633568350
854697351
766864095
882467825
629552981
936287858
319523640
68070186
500422610
690394534
320938663
74356729
272974428
220890096
465895602
548112363
249198393
549692364
394041491
619291274
621252926
238087653
337762042
424428844
841222191
687360769
952983296
144727261
299257925
155403238
805904617
932826275
10100589
572768711
667810453
492169924
361572922
987334093
560240110
861995533
530244981
881178773
788868616
803219409
102068868
107280571
203848125
351267261
656972935
450405970
823074890
278225860
688493623
13353285
555171059
529715813
700714055
508154354
526959429
999971980
663557593
185380399
785314608
526174536
758149110
305641415
18344459
972238387
145491861
431100923
686750273
675736842
312279695
475618888
331472604
266864917
582899460
535320729
618132179
92388748
985726699
293723422
370614609
526736675
307076707
925785668
56452488
7790761
286456375
435928271
7762740
802530322
621308670
645593703
181221211
231974133
951235118
52082024
56728873
96726978
483182947
743479146
772463821
795462642
71614388
103936424
62327559
654513848
491773508
532976092
746902596
330016560
826699514
970033559
856753236
133776220
748335580
765722078
994083337
34791955
54166702
854362431
689838631
527991726
499956133
871059843
759965859
303707604
923141867
816694733
400434583
406324814
412690232
25414757
54303809
484304620
981867536
969147723
138818467
326157397
354640168
738237418
656173958
33856035
560787330
365443547
20148610
309122910
983681979
14231946
196431219
37848680
868594377
886269850
418356760
221066864
609846046
30838972
524774468
532987913
847533705
777725405
791829081
112740291
803140162
846132890
597044911
637524052
667796967
588379733
963681449
22437134
179133504
472371760
56293170
739920834
837815307
76441780
49043743
674013639
90673726
97991316
564378673
811784457
836777521
982735433
885367675
446623566
13574405
262658497
832127833
713624464
40383901
623956913
826364755
696040418
322606157
423409666
333564469
990403124
11789398
149762271
865356612
43439256
622134032
921649782
783360090
312465692
850607916
684920188
986479332
793797996
782911504
550858004
458098807
472205378
386109791
343466481
918828945
399684196
606124978
603473131
113308659
499025234
79946398
792189769
195065651
402552555
68115788
381146474
245472032
79905186
530908745
110828643
123344442
153042776
884994780
759220886
465508469
588119049
444141073
304504154
381917045
79568931
855362158
840015852
551774309
93988302
35998686
323119607
493672498
494640019
926592739
459497512
993665253
6539136
104203634
41247257
261608045
172319422
422393731
359596431
104740962
953302476
322941428
80601758
106345252
60452561
839822644
424370075
648571611
136480071
728874229
30488655
216049002
436752740
723020861
620339665
530741043
611535901
943459273
876929895
106175919
722568365
188943760
99841171
581623855
293147394
141088428
695748254
465466816
415998513
55344684
570207778
369300989
378286112
650809536
328162595
438738674
490632180
605049024
87310284
627112251
186439606
970315294
695677607
623192346
545852508
316017271
6449742
9904762
111992897
883379638
116080682
687077616
72323397
68438207
121217824
217987146
62042990
816966078
683453962
478041503
872310762
253661740
699858846
103113228
904471276
28021440
394368256
247619809
485586818
334194894
727248414
672026424
157026541
422926020
147735124
702879049
591459646
154184866
712783811
703452543
890080858
681380847
243046513
814920610
749819055
364264337
32907755
664378399
181230415
716361717
142419901
906057531
822539811
694795102
9170758
579527441
575332896
256055368
827147250
60919714
590250262
406912018
732946138
747276803
829838038
880681262
302672205
273814037
887382483
15456016
977266581
777463340
549353217
72829447
444900303
151688625
437093784
477808058
816067024
618324199
46686129
811003280
376898084
869225940
505798381
238585196
301269734
81131276
494640565
128416984
994567345
84890826
387845356
580029837
832167630
70199747
313227452
134839834
344013785
200609934
2812204
173796719
830589629
404681776
246626166
275489931
556370401
683719950
605814344
372437425
154560503
652500473
35957058
531458587
374242766
541755439
770043783
675512501
475403069
264684347
656445839
322486768
202091528
44291194
902516605
34259157
114490941
215744056
21615345
311021080
268870345
876943905
484817799
99459973
134142034
731443965
227466258
690512435
415163915
833280602
62949859
569724418
338297428
98906917
101183004
712540195
493178710
723743141
240569049
821098134
988427489
749531242
143584901
43035370
646338790
46101505
77294527
613346085
114361915
951426227
924367166
383232260
680886485
409184964
335208587
815028519
140628929
562674846
358057308
408309198
395955447
273523521
830549970
734252876
224946793
784249328
299309424
718125503
507992468
392394827
391739990
348936310
141926068
535324891
391971680
788264858
433942750
321782561
254127296
400821020
125725142
178494461
784053280
659127981
440195780
119261867
326672854
433341063
534453067
684730162
841650261
930408514
958253683
524716584
517177743
183200475
308965911
669003521
753842333
669474733
61398347
145582322
18411043
55840769
533423568
262899077
844105627
967366318
437197993
98232923
220703691
562923135
129243738
4756971
74567469
569439518
976535193
401240323
2780580
363504613
85970484
696947195
146429480
44224167
74180132
663607224
79940996
383146043
185127098
833783329
52620776
246525446
831882006
923548174
302366215
365305573
38963604
998988197
185188244
476161597
949737474
405891936
891601086
78981211
263165261
966168556
500937084
92216807
367408878
356234018
455721420
305895717
905697568
602150900
202636238
979877700
118274477
282577234
215540097
303401576
968876918
120677227
402443376
800758923
44225400
704809591
18580849
935705359
556314141
56285447
264383310
506051614
462177383
155984395
437549180
577858998
122152950
791002618
670075805
342078183
147236635
978313579
647973900
905450557
432980833
850610138
885328257
551255310
985703726
100868353
707173240
954580643
74061934
109616615
607855919
118287334
666942561
478953122
906509047
223256701
535238570
170892356
581824670
997415953
179393106
19373849
427791305
154062410
662892821
97867109
496140593
662645810
928697043
996630847
568096367
361677875
699757338
305940977
765449539
685461064
259325684
472622779
492558060
333387618
434755748
952930334
304191306
101698308
431883455
63216706
177471364
967122025
234109063
759296034
817054332
413502169
631186237
97361990
567564579
294079057
47745453
916221527
956724867
976442496
912852373
377337587
190636724
465126065
535794918
956086264
3103482
795120602
281225396
495661542
981024574
715981144
301108229
137732233
817679453
732991685
200948940
995150817
552630063
435058003
606963204
222200748
701076526
238149440
319562738
121157458
384744851
367308192
37378984
193986071
196267041
802747712
571323659
386903766
267873776
107118576
342990029
270977258
754755533
624215425
619155154
588296460
192712922
920263384
726028694
10392374
505771422
926977634
858059545
58401484
214551990
317539102
133118587
915628516
555688542
305197679
36785973
940433393
672505871
74164958
134419464
868772913
729429024
558259477
108193032
997302800
517894407
451183061
120796411
125166293
927914840
739951565
713462754
120627761
512731302
292007801
983536491
18502723
218985434
694112389
929420563
433537424
11651491
62539149
201682293
419856387
220253182
238468266
212806134
892759054
165149578
199741952
614048320
894578602
758001429
722241352
744397755
128412189
25940766
717710520
106094837
953855606
310178439
819557591
926999721
822909741
111565391
910536211
841412465
183067179
457164954
623349381
469120957
468816445
538404884
670803250
888672832
758658066
909271516
101478965
503933473
926937449
153737271
117981792
674032404
911738700
692739498
270946513
892667244
571196618
988657033
998762081
377568577
298835471
670836025
304568298
121745212
634917770
67620862
815674031
817984949
524785816
291539765
139622259
846118615
829944649
810425509
587307801
588602714
572213378
541303120
92536187
499150826
695040392
63034333
25699584
459295445
608290186
296646097
351962688
32003157
285303129
203241122
409571735
436654955
874077147
714140033
410916521
508994916
634277249
79106905
179496218
11579419
370646670
319118477
857698034
200591318
129543985
445005834
641710386
554273718
986308955
586762927
53424543
533865700
502313615
79124127
993161145
110603800
228286578
197640187
142606957
513589708
400881309
404695046
950244663
274958456
118835078
213677537
636469726
605628682
292784442
815965945
617208101
663431112
987600776
474906134
864022430
969661116
772428323
358249169
523934833
611253631
945012097
429875730
145119330
447325711
361516212
138280474
410445865
589802790
188437015
405569176
955908852
589318325
810264223
758669868
864276781
781615655
972347405
353262860
239760690
265131846
21745158
856968791
928562958
9345934
184391279
645101741
979007050
956819602
3350910
355458236
568073232
800879361
637850320
565708916
100721425
999366532
556505744
511167290
441685676
744942760
769252820
250110881
334261084
432033396
8780749
51054218
66165405
981128154
404317078
305926095
98776354
426062237
162894886
879855666
287924525
347286165
377473761
119447928
156622120
233341025
474906164
724695352
34220385
112756483
142920621
134941810
964639370
699426365
498625454
258841399
444369124
267878273
508952280
631146562
699911670
370249383
682200780
766077075
203893891
939034213
72003169
302670245
217612803
87414409
35042264
505537328
287216928
412516025
624985256
443839048
645857050
99891419
21050753
680077435
65164256
163971374
667535599
882319980
863397740
166161052
993677733
160283217
286555680
355146367
791429780
986467350
725395750
326146913
605060778
929289641
265181125
529580301
84476239
482793928
469511065
119518504
988331256
756727993
532034529
465832865
200567041
177891579
418240638
221617794
710485368
335921249
385589169
378020967
70757582
101503262
396698373
64435315
261786479
683254053
419581682
53216258
522237756
144977431
379363172
127298533
926783427
497060651
509395189
11259665
979854580
978906254
130778169
820702189
588150600
662812699
139051408
788717641
693220632
557292046
862851790
403705999
893213295
100957312
634243320
963970878
202460574
30941693
28406192
464247053
714195746
300504228
517463312
88949856
297998013
749342838
68764743
77297793
246403488
578159932
88557459
78774421
409582539
71851982
751992965
997733140
734664681
891044373
638967134
280401666
448336418
354335277
684107666
194066067
455292589
170867339
158036944
657753163
201809032
38959490
122000216
768521133
191980072
491979882
857470989
489978085
241322719
926235732
567275879
340242561
356912018
508349692
419016983
766494557
580201674
23526301
616744050
167382709
914570674
108227538
447784375
215423445
462562815
131892040
409489512
917855405
155275734
567526456
428124921
357084766
459002300
550125137
125605898
650982372
42105018
835593241
140960457
135944091
761828973
560752690
476186653
118740990
69102381
747719990
737751901
501820409
771246291
207012305
669203118
685816964
167756197
116987493
901240409
630319012
101395887
163246275
400690770
256671621
730772731
828815692
466272742
42291385
231457182
444394994
693273757
126078555
279988235
686750568
114539000
894333562
100019611
590725653
865590906
21638346
190961996
455859160
523458756
962208287
662871465
192661873
500541604
830627662
162165720
254298367
313463028
263561608
417544642
566670152
372749583
833726
248002197
839022325
43125111
479459380
283417319
736398869
458054289
415921908
423149436
572593289
310255469
523169048
15835296
28362728
544807394
206797292
484221888
68266149
169005579
147093353
113444377
669547183
830237369
275610097
923845550
996216751
391688059
193906545
562886903
764437643
194740272
810889100
603459967
237865383
142864833
739393640
974264252
600919122
155315547
249930042
26028765
318087370
773099090
41864061
346450098
170422837
248661353
830671987
91205341
417666932
830281694
57166072
939730470
513035416
332776169
716092373
509252167
724464229
909998919
924655424
341418225
104739190
588060877
944878192
342604573
730925711
536788186
169385179
184361186
692103733
419315221
210389951
10191103
44930664
252254012
209157555
215353501
500915366
39829541
159075196
771098652
870111235
216241268
710829121
235663005
549017438
279437848
744915172
125998020
189436766
522086949
467416245
146692310
110147825
264810790
489296883
693589890
801598976
658682062
877951077
346219063
77997282
940857382
208926520
122927946
45627748
418084075
190797802
546543114
310429971
349872998
170158119
33057559
566114267
880987241
268720564
967648059
12941442
13635735
93646078
202378208
388239038
413578677
349070518
498386864
530905821
690883755
44493107
185021151
202082171
922444184
531240214
132595807
715817920
592683088
108040108
761445668
10767162
298837910
160505135
173713487
501227262
330663254
206771047
67341528
64166848
475491611
887505941
77108290
341643701
833668373
279486498
729882739
99763403
481073370
80785956
630669225
171957125
125279064
815690376
374039296
47723247
199446943
506635103
616057521
792130031
614675211
377503188
655413547
766029475
538008323
829127035
267256737
868671578
35898081
187114619
932838426
511389692
74620560
9946716
853033393
760805287
141949568
435432486
860568691
623022939
516218442
491237915
647496418
641497506
159444644
21535713
541737108
358891587
380687170
157794628
151021617
847878736
387814171
806435164
613908210
925822494
488078552
733681301
647010425
523976633
920795921
432365205
887882680
847932835
294828275
593432426
461254475
289294197
28864911
321823165
912317136
545083354
665577434
412329907
39097213
825022078
286381974
580834321
183913664
667069145
738628950
187451635
367464234
126443120
993886800
981372444
904781968
334481705
567570099
404308747
858458339
340882373
689190306
598857372
41331561
984018581
192289797
502586036
125829131
73671063
824409202
38146267
618754417
342502989
302992528
657851630
167525067
589374503
91202305
203955085
108960001
829831255
391406721
476424235
808790729
237809874
310313032
566089050
572291579
877883131
822914151
283266271
218765503
512104456
882123643
260097064
348639390
74413440
762683101
474468522
600857
439608656
365131143
619355274
782111645
668123671
129723257
802153066
110014527
220925562
6108151
218974528
903273171
397514872
695398763
564580253
635324746
5711795
130669303
60132678
883594926
806099808
343398950
954876784
170720618
225522592
67490201
519360008
152452386
830173302
846344884
153053243
122298311
63992380
624924871
756926311
732116052
754648129
559079376
842130579
828090045
417703881
61105107
731363216
815218753
609020224
148459822
303059852
614732019
131645479
363192531
350843299
937745288
706591481
158236436
108465905
784630427
225726637
480342267
937082814
55899939
326687151
942652411
30714604
390679531
567577282
787640915
975311937
174741764
199236645
669958870
2831808
616940526
583580331
586711378
284675633
192600554
735171201
440251839
659848928
866816680
803444370
10692226
657078321
362552204
21445016
765544226
147182631
247171653
98402847
936781799
155587946
425089998
731950563
186302551
668285883
152044198
826459820
643597820
326785962
25696464
166073043
182134125
495153345
749653374
621361857
632345332
942253928
209049411
72597170
454619209
75866091
728557895
317827789
585460766
91110098
339272805
203521346
90809083
586444459
301924193
880107236
742032405
727014191
464574153
928334956
247816427
616618351
607311130
891414247
943404314
485523948
57487289
978054793
980677293
659657017
599416649
465538978
454427299
808466061
538136149
909046508
736848506
119210397
226874297
174825625
62836849
566147102
378346971
6162287
5107914
680271164
886269523
747140320
259801708
203360029
527991629
507618136
819978381
135302758
251548736
615899048
620826707
161552380
593953840
454020353
821209397
45886842
919559332
275636695
706869257
310211834
37199557
296234116
429422231
264073854
471059742
492259080
682737310
849406713
498421367
687845225
529677877
237207244
434985544
789479585
440567273
962977173
149614074
113062007
950796286
401162811
728961055
424139346
562715191
175431248
878159699
383924587
221318091
650235384
512077637
928187348
812963572
549277194
76937818
94902156
813351048
547997560
587161237
348604711
397404272
938098958
36449935
779598503
27822555
323951833
421594442
468389829
139445360
571208516
581451836
90241645
972371327
162929245
514380991
535086517
338360493
245057043
771527459
559678584
747808782
283605095
340382286
560772353
832882289
417320104
655674510
498749690
965317664
95352100
847354401
215238289
33451057
736320691
994836793
61273613
60272523
268947588
382179796
199717883
840156104
816147986
142475882
812527431
979077231
656856873
200130301
317437724
754430271
971657760
729632662
502239052
107779208
70014947
915527759
793177851
339851405
423718622
144443894
157685422
519070722
991798296
225440066
405038134
580635340
72793212
318828101
640907863
341740800
553524251
693142101
181896903
369672236
835617983
846940688
201265821
344991210
47070989
518703545
99421480
871245103
100852560
454176886
831540666
23383862
369704644
624718516
363235267
793423267
769162411
373437044
165010342
613477060
598877110
422564830
46628753
671670322
741392931
687536616
13411121
147433535
233195070
47824378
517105772
68813053
894765067
718371593
413804263
794352410
89591491
365742097
518113866
190444051
819918983
349654531
213827913
42139980
826889402
429579535
835563247
448568166
803016579
853089944
62045225
401893688
275654773
108673978
73564009
869564059
648726948
939491485
16997593
881922019
987315863
386619719
803251426
882080929
104991311
69572042
528949692
47099156
435314139
47063558
90059562
255233121
249234443
303887475
297373101
76123844
733467010
985452703
524692010
388999942
838542646
439253589
790893630
966713773
400443921
716973993
836277831
901687224
508981831
705791779
636125596
496297694
92411497
439377021
230894976
49919163
508949063
759844669
97018319
944263202
659424581
39594235
52012676
908659024
343481711
201902131
984782869
929465075
187354833
361991232
318465017
878413833
653761176
961875001
845127606
54205096
531365348
533921790
808408674
40347178
92229922
444534269
389161226
184641420
736427644
620056203
87076937
97893060
232417225
36611610
42156261
891841806
76205846
946685292
653017183
419687557
148587423
490316405
201668985
188458610
852307638
520134002
66872443
358585167
334525357
764516403
265306617
865890705
150954546
73715291
906237883
243184469
370765914
147915463
427825889
107193558
767971666
514902826
205086618
852905245
551514436
99759234
597263404
627720282
46444525
250280586
899924193
47548302
740596992
101593178
236006913
445420983
474243534
155395710
804006150
808768891
919912113
69312766
674659595
70866658
995544412
433413832
314051127
366310326
581329295
594393370
326020238
201817314
109296195
531106856
54722558
513326986
483382444
504502316
993563622
382343324
754782902
893487815
429891626
347896247
847597347
518414893
645833584
321840880
673810603
302356087
130609771
593722715
224185208
657785720
517105728
219729619
943715906
831156855
438556299
377561554
278066579
764576537
579378868
239879128
148199747
486617780
753206114
631582191
991120096
599286090
13925514
598419352
345290258
296333495
798831953
192887604
814748388
444665537
367244838
488558991
747021624
350370963
934798060
971206832
8156683
451903787
43452805
804388943
135576996
482009104
181950497
413643575
99101995
613845719
653522703
247301742
100463499
259245171
878883933
944099949
858531261
892809448
395035654
56337872
41659296
46383961
249225476
856407684
491049498
616470314
197483028
90587475
966841278
132281088
914310662
827514315
436701229
957763467
484419611
572278225
292288924
666370108
838438154
391390919
132732181
344477211
638692661
85712034
603722382
370092948
29811982
314769996
115418749
277363991
371107868
157078045
323747952
472849698
13485728
667313804
89320011
210968757
757901279
908677643
195766199
524728294
588708311
632467428
335008114
73127922
57262007
627297039
592014384
895700161
871204312
724746565
240177371
362413327
810458599
696416107
732506275
692786936
11186102
847925024
822667281
234810324
5003068
146415232
707660022
18488796
666245390
649496388
81973907
276663022
410690384
277740106
801391317
851915050
910207535
136399430
777559326
967469542
616212823
222090063
715686056
487417135
946836629
955863428
849830462
609811581
504795888
434853090
155114870
368498345
282778113
977782151
603308669
140297535
976713737
163485045
11302685
495475480
665497787
93276593
772138503
76188170
223533053
573529819
780619574
133740587
562445603
558178899
953726483
178658426
780268963
521928893
518591915
579621945
330308674
220938730
41949879
835104562
655791820
49581104
203602906
938569933
27363254
659427930
78867467
856593346
822912975
90170152
204585179
340927115
35963099
976723682
269631639
259496153
402769854
50251213
245753094
965215458
460946466
51995931
143873883
93731782
573924824
514982152
673353727
904233498
735920882
567819961
591854413
391712701
617401065
795457320
182798987
497280673
307401603
114182808
206390372
130314577
56869314
410975552
323758046
92832414
387699233
593389685
204844921
790469088
643640898
303114369
608200899
104587364
355110300
604591136
50835500
781551478
119573287
724189228
538301329
855494169
144525542
130155742
99723223
761926607
778129416
135038564
259207279
85531018
249221372
465597652
68361949
158607040
876573204
392119995
103955808
116788790
985509680
308800729
759774232
481666932
611915099
367975130
438770650
819541753
972566266
489606150
601093231
944655907
66311731
139394559
652666429
210837273
122066655
752389652
972763880
900196071
887428216
84487513
838243443
989165942
402601519
906605392
147772982
131691076
151241740
251728790
248479866
989267775
413045874
8254098
323451060
24960972
228745582
762221710
697019079
53828202
104344213
150628663
998484109
23172299
142539577
503666892
234009572
264606232
108572897
59289806
17318657
996001114
143777319
855562100
837683409
398895192
614683846
985456391
530586268
618441940
89701535
779066134
607709714
502747409
639836586
931160774
380224735
721098523
545898837
77243813
774926725
502759405
80388831
625927187
525931704
222928408
129594078
759941276
487534640
90683330
671747436
357369651
86684443
668041109
65448105
776884206
66936300
680131951
614856951
597522568
151090244
704558486
229105056
758799959
59822248
721457996
542477086
292563337
442556518
940892278
222323504
69999596
443651682
302712335
548443138
969583386
525640743
530553570
582041015
13175383
621236900
106304805
223061388
560437697
774345914
288509493
337321903
841282215
968641444
952178854
291321136
119731688
509253693
372942546
731048001
421592295
94400542
126041440
714155632
389473414
66933717
936479136
459473011
363101753
239191471
7916148
185201492
764832214
390986072
619758862
630523951
12222972
726063667
853585340
572660669
500409580
142094832
762498926
194208148
963252631
567194133
338045639
935500673
76447825
710988185
519065027
350556474
805388727
497622821
64712105
47378495
417072893
1191241
506851506
780174646
92899066
367284008
817892493
710247634
758270080
437651354
193287939
623009406
16231374
46873278
48186429
516640954
41484464
810685355
563365457
857253449
377879488
901411096
645270475
306843667
612399280
16851855
657400142
270304361
514474677
574628601
317682856
931547570
428336196
677050716
564238569
521235262
44334723
234647415
83999250
655121157
672298769
277287189
130646917
688530143
176676821
178833346
57687451
70677639
989518701
621052908
927931089
219914542
374980357
425717917
526758210
987379637
295086127
36674705
110200351
809560804
611303306
280399561
593624727
39639502
957450277
10379649
413391118
854301354
245027065
497390368
361938865
769842188
774677557
492585782
310888685
951354378
671419128
368576136
22032017
660937828
842145398
802479460
880852371
217125754
80713730
260126934
57021744
375799857
149317993
19738450
37877014
760621299
300138011
484018095
652777155
257588288
494397745
918684628
111889641
591941164
268591349
326344860
361783351
43268906
818930642
672672036
847139638
490349769
893764526
721688009
3803951
735909923
376683822
737172676
805552031
309913907
997299610
862573776
685713764
146617602
882312226
576107133
759755255
34966590
60125227
265048764
292554878
407039326
36249745
256960874
998980490
304841094
583305734
213280195
200626354
254752730
885952231
47765992
745102499
632233111
621970355
601422804
220659387
851170532
338595479
26211418
161084438
188411442
741301548
699314556
187545398
476130127
275421688
799817008
511096717
188063270
64865771
803651596
595102596
101115516
913128824
594083086
258472964
348950911
807363281
459099319
603703641
545831865
359381665
201322494
30581329
981352020
802745298
251240717
685038905
141340777
277452135
846123343
182268573
18753682
397954253
222330326
347400163
673375941
22147333
858496880
861439211
939529459
514664829
309058161
893161329
427793652
903141247
151634292
776744564
563020881
610733611
232964558
961369100
970115276
434287052
991950430
803983650
237032350
243191146
341538908
230889481
373159635
40178605
265674408
244429671
438132858
488004734
591829834
111508798
510152067
450326713
825464364
302197879
964991543
134522524
195359207
245301548
890180125
199509854
874562466
305717359
810243465
107527024
119602812
632875095
541814076
111553241
289375098
631362780
207260741
630914006
862252261
580420376
671092611
127926669
824850047
109225468
468447757
416679880
73250621
978599825
719522948
751231339
133314057
537030844
738270217
328673265
782332392
480966695
528183119
509411212
639200408
190942937
616938236
758803220
676334386
11268665
870356462
965709484
642631446
77617202
449139844
357400060
510553933
972748809
337843083
335403979
934490632
806290841
604600214
860257607
637407019
324123161
464005299
770721076
861154005
54791869
951910695
496002750
535758564
332610167
5413961
27475325
523553105
474868551
786278545
52403844
338653571
509151360
18113328
981285017
439284917
319769526
191201430
949838850
145034688
381560868
137759182
79525319
40368062
742359396
939782926
677775081
66482556
256304578
301012510
780152915
311096447
105439559
128672019
846855011
438049726
986602335
874330336
961602831
313987240
513125235
14006675
652640811
22276594
884636358
486442181
461561511
56922237
677643611
263916714
201956925
59204478
401675897
133998599
99572540
144035292
73781524
629863975
63034203
182602457
783392840
695703472
493698904
888832399
824375491
193070269
326882124
663494180
67400604
141001309
977481420
433042193
7524338
630122230
455318788
744677050
116564410
769396653
801599287
646724375
33313367
856072566
558445208
434989264
990071165
510534102
431540910
916369044
992914432
494575113
98971500
776307271
42794939
592670404
517656023
867170430
785740673
844538147
383180963
705657632
838055810
360662382
138699824
845580148
843300966
446534966
442773551
812381730
68447973
96889191
311622459
101761340
952961758
870067667
389266958
943032922
233118122
820807868
711918319
78548907
167899335
810889819
854856178
210694274
256076577
225028554
77864703
894333604
69566701
313562021
452507589
760138865
674224403
443723768
458235367
370041723
890258734
901008918
182423452
958706707
997898110
494045911
912984401
950859867
216629931
302251358
746409142
302264408
123059226
310843815
380813315
143474915
121733633
88185847
354169189
230326564
313214401
284550246
124660168
235297456
598112267
429684111
995436322
124853024
873407879
453671688
494894747
616182967
207196959
677318199
427406027
205095068
23880464
340390428
8471288
93026749
495158140
607396785
395291157
470733720
918240600
776104473
614208635
892490587
864290320
968377824
122817151
177504720
252928070
99993673
412802177
851040337
382194138
260754852
975893361
255602017
714426540
323304461
871784984
921623499
622660
151707364
979234922
877019479
492097792
987706210
970046228
987255933
447619348
365337385
310506006
365859947
141441857
924714642
110866888
858248531
893092465
86200393
35753250
998536889
38710420
301071781
702093580
420904558
561826633
530503294
676506575
128769526
853807756
400807912
902909380
706946770
552515277
882144301
583966248
897129423
722366864
406528829
736901709
22502566
771866214
47407715
388362513
765824425
972122357
499229401
476589309
717731175
585429794
364858914
568784418
624140214
665930695
270877997
45044772
80273682
801381291
574067701
61559562
507705400
827391968
964468942
214652169
232423598
699129596
651134771
129553020
274012814
57663600
866454730
296515380
682046168
766378799
684877893
300386947
591017509
36623648
776976256
161265037
474569796
141835169
730049455
98710010
660282219
927451
996271137
740555901
654825097
422855191
802115463
15046850
102763512
619100759
229699020
335187110
318230354
880833791
464740131
592243168
791013745
183711214
888758548
473059913
950090013
426152795
773446860
393623875
315292797
402939469
554888912
789862593
544774639
284938367
741088957
57573211
138382172
589876447
798129112
645723623
12731638
452760928
660770474
115495150
71861686
890469494
303198615
242608395
623819638
767938746
687367917
267349737
804166314
428642819
740409650
606772680
854795614
366372863
396554
22604764
769312332
555285466
812467357
166603324
692740187
553556314
224176535
831122360
143432760
874822001
329362336
8680752
180099283
990132810
976692258
104477323
733118657
132407226
347085718
209454649
900345972
34453635
476804386
557028639
315612808
69730389
163801318
22924775
436103252
16714226
45529539
57931937
571999692
857996896
77051616
117256233
264069563
301228151
948378593
260018678
28566506
130257282
121215784
208665789
120390092
97908041
313143112
853508749
82831621
660228831
62963397
983177593
547198820
392284137
392722585
862811628
462014526
556523903
885736403
898117778
573238129
931265942
808566070
997754176
641779191
885617686
115010408
905848755
39362190
915905355
165867432
67928696
46162636
287083216
276594485
19069082
237507612
589737598
872577832
320339233
102482782
788057583
156033180
649681602
32858074
548755765
365009583
494872600
957796023
103262339
245506732
383550505
887044635
54072801
381304680
528823825
939690487
348831442
287188933
979052677
264736796
453056365
46981373
163415787
592655936
176092212
182484869
830163548
765829810
55062700
3019134
868312592
695636638
11568668
370510547
728494712
560324434
735520130
75883665
370636810
691298823
321390397
754187315
578343457
375463198
135491995
959683637
167670038
336839791
246872569
999239070
601576588
552445289
898736797
764992375
145101224
74829008
947477244
827781126
840658819
855056299
830800260
561487764
403209290
842368929
931998312
984220356
255209716
520034795
60104020
625846526
211333618
381494418
232550194
642193429
609473970
220558543
601877065
777144009
557398335
701265989
628899432
11491276
253711277
527636228
776483651
251328855
454981590
576477248
79109980
148156762
284049900
762426594
709644527
539775544
457311876
641642838
523995899
712521592
14193986
436616274
190884471
225527604
818110692
423434666
867721034
280101015
643993209
322114452
57245023
53907897
23380440
538660809
65399173
129608071
66297036
841882824
380936926
373794981
270876426
312563260
521951743
407442680
74989854
231596269
947218225
532301730
725755461
323730477
97339676
739949448
760346751
140740501
965477052
430973796
564175167
685714439
711074812
60684730
860345246
620836189
114592627
736242040
159496998
179991801
865850112
78310388
874390979
99303391
452105369
145267404
411866652
974057113
405226439
339372860
58169735
352444663
871674590
783925197
676175140
821530620
376390998
289038245
962271122
194384403
720012041
378962642
880098843
431086852
439647372
592960442
51923041
406756354
329202481
63936393
586748155
47568946
142246781
313655487
146872338
446868505
311439246
411255344
273441971
716665685
750628204
184128060
69110347
474819147
968053257
597801841
148866121
196960608
886840086
111137242
391345012
459368481
490099884
123960208
890455333
782263611
716920650
794894728
189019964
46123130
711347475
628284473
946208432
706110611
941939960
945597124
5495469
253379205
209368821
278937440
970044890
959997025
463065500
891671591
287332525
283635111
341989786
436198646
480595719
81346225
399852242
871940731
540714706
889952127
995900939
283686393
524732091
565337942
931097475
713752055
463977427
642444950
194552881
410185858
201071914
136492840
208299335
206567383
242388400
417668156
485504823
64949643
230181534
801086677
956621235
517514059
84721787
151127374
806229060
417833861
84989953
206081301
142290945
625704660
948549782
990708239
761907407
473281872
556046180
693004881
39550280
20023606
187966184
234103161
282725818
389038098
223112356
491025153
595605481
465500756
908693309
933626658
530450399
138874842
734713335
339587987
508905256
671951476
490715361
167650669
942301691
575705315
373731970
84592636
53926328
174798106
927817229
815833735
648079978
336379762
361354969
540146613
208919723
401837508
774249774
491645541
790875606
997362130
835187049
238997441
315379239
596396711
25140452
845829639
587787908
759853787
185417625
96693163
284321617
528649341
116860186
79139661
104354655
490592156
16248651
10797337
665390262
944065880
679147426
165986594
280445642
40502394
706133207
489365365
294856256
332899334
833527260
85731862
182777818
668714308
177245657
498157057
117627373
202386109
196503049
705415281
814756251
381920675
654624798
99077867
910570016
771484984
30733882
867441025
114593493
46982534
730754716
779983756
991048414
409902141
798486704
124010409
302920889
357136264
613375774
597777146
690035598
299419388
536025362
725329770
968133696
565787373
76003181
85761068
768173482
272506230
643692703
435446086
654426905
298317500
387040307
417513274
69802483
417774190
137470652
36912331
464756724
868225368
816896087
455805137
130643862
467899144
579815547
286081106
825035408
45707674
883858252
367587359
345127062
272399967
92917129
165777112
838187340
168920310
104054534
458877175
441426540
747747238
894323262
948369800
898581092
133879922
218399427
820899930
551654112
355870080
857812261
16410835
76611801
527224701
324732327
59772018
995123845
904547874
345853124
820159252
802771902
82227729
40262964
415318
354627696
133180093
166192430
45331389
154616757
122763318
356724918
596043298
870510556
103564533
396929451
621608002
237444456
615328878
442507931
789098568
971198958
152836545
805509404
900327114
680061246
130241730
960099132
675185090
887305958
305952255
347860695
542594213
388179984
388123659
543009531
595324034
373820107
709201961
640655423
528436864
831965280
997380341
124480161
554992189
100944874
373925966
29116544
190905684
989254845
471624475
980004252
812970156
624461020
638030009
713297269
157038619
620788093
525912754
832223709
360610404
831865009
32600757
903204618
72561346
273240771
446214148
667885380
647060878
7932463
161057156
175497741
692414097
10953851
152494257
99922639
964415080
526420223
129039184
155320763
368191421
600663659
135325014
181161577
77641033
625871378
746975200
234679652
246659470
272887954
919419716
607269875
957269317
952020473
362990846
29830663
77777597
809204994
550232397
724838475
669653811
563805908
900336217
362067907
574759759
905346828
461990547
391691192
284283404
591029731
547011955
652474826
44209743
534853323
833636403
121850776
13241054
433127956
209046783
259900525
706015910
128466498
719686754
515801581
933003325
82677599
398148598
10780922
744398947
948380995
588135751
414052758
364703256
340988321
628637019
939463015
246335148
90627565
183670560
530618553
534173650
730682515
35609732
430899748
118052192
869246135
405266878
131293246
154890444
614313661
243710125
860906355
595296513
963396879
229224289
380816192
46074477
627372887
244113468
642989779
428270235
832249219
57042536
792973492
25753894
538195909
584952860
272089042
481339829
768623421
655223949
15513478
351822289
690833681
298929580
469874481
412596169
704196459
453684082
567486614
171026473
697394207
280909322
766322987
660791086
510133611
999655533
559381917
137506497
96285354
54888049
565776732
928534573
111930585
211266577
954288467
502642849
796219438
78893863
983982678
564842858
734117812
852012510
916665147
277467847
150942090
239055982
690064016
855138549
692740064
257550629
26165021
242650624
538459951
645004362
903441710
48593561
497176248
315339981
38616412
593461602
370228030
456909499
374512529
334674970
668176076
181317349
837317819
464395513
260211212
673816850
881754725
846845379
525829359
650936226
124313225
529287803
889992208
814377241
236942705
435248625
924444225
115624081
677899249
315420529
760628443
433857313
216530445
110321045
601713648
255146857
703782647
971941678
712056356
78295175
159133001
232748786
259612525
848967174
697144299
372340091
522784023
431415378
219185469
901129737
82351603
196015048
430417539
824860165
10392289
667360245
112625143
787352868
782984326
790524392
102773396
396129122
76898058
319303841
506450167
678611706
426967053
62749168
503069738
139023408
141044343
514719093
224288548
253173222
363686267
921432848
625513314
738986644
205364579
844698783
640116380
287716182
40713831
923050274
112576346
903622475
442926872
77717843
543491696
78427551
868242235
646265092
474556673
797656648
818085288
833523195
328784707
245052340
896272363
831854445
236592102
37316705
199089892
460880651
143006282
562776159
234829852
768519596
154279156
440194431
465734732
794395537
580426967
358964917
569962164
545519667
115103745
12889035
623237510
658595441
91316586
343996098
157376887
418389613
141652745
975462175
251912807
470437453
73030868
701523
154808251
309622970
38018229
353898143
623019975
33540865
769190656
857849827
802060461
923469813
150560611
267795192
570381703
730987578
626760110
140343866
129023598
741863855
5749255
752261108
252975650
97065841
96257206
410352537
515455454
90426305
385814711
619884616
560863758
458845579
620586139
568188364
620984903
511120722
922086507
244004878
544661587
543793517
954371059
346722047
467263329
104931670
467033594
37645031
688435602
93793703
30505251
817459201
688173912
36254506
422236662
941149562
133320347
518493868
204018452
501292155
608920174
589833163
121176770
22300285
901195096
594279264
590488649
522179999
105399985
365091510
618701231
650061573
908885027
573072289
849299974
228664709
530520313
316333567
118826094
71472269
262643624
1847699
741447824
803333891
38102205
163684485
596999806
23938906
534694708
801018259
377747415
143614881
243367775
351440540
18431520
144562871
945719804
461436524
519259224
51119788
826528034
137960454
553697715
587929414
563549097
255514043
669110477
94069410
571847610
787936571
18058033
687007589
789784270
759505857
490341479
680402829
775706696
87341284
704341735
310401403
740875897
82089149
306532638
984243673
286046043
177480513
128806543
231765846
638917037
500582121
135401989
317961424
638542575
541616058
905890838
54608025
797130101
427517668
1193789
221494065
67970592
19251822
908501654
857754862
631274033
251359486
390674044
406980729
191217124
95015778
569898486
932093022
29621281
876431125
916336694
168183679
53911637
897659591
399949525
545345028
250758065
387867868
863306452
889300640
929483927
621713643
943908665
726614027
49231310
945102455
948108092
117201902
816870631
709126099
827473118
448144664
960485585
218147161
707641747
151702709
165679293
277540232
83795730
47816928
6487710
852648778
216000607
912915702
602824722
468466487
458260729
853582787
856334355
174083534
595399780
785818281
795797177
391824798
364948662
845028487
189443606
165573107
814746743
6314237
874699207
642219860
306975255
687701145
712883375
14617001
839403854
878562668
144673587
775715938
778895951
3677652
480881069
994896558
916593354
936222145
315879398
227370437
642321285
172213753
401453971
90237418
810548388
197251148
482062217
28013403
894795989
524022177
193586511
709542732
382852768
920802072
204278945
689828023
608503216
917162321
556961378
300423424
648241342
554151320
928655716
279653646
557828972
262053139
127066558
474422325
198275283
442945956
701792762
840596569
615159709
103246733
930833987
278224451
153014235
265412557
306237854
47810223
789434735
499824365
609869309
24803856
273142790
666664609
714631880
881646007
436343283
124109611
34585784
84584624
678260931
963241500
216754625
88606256
77810992
343821183
563028582
276086276
786767139
117337697
969199199
254443202
73100784
752549539
532667653
78631373
17962096
838905507
126441597
659913185
191246226
588827260
684717041
464389016
108008222
251865274
198551376
544351505
228491240
233137160
481452484
906752171
48895014
698207109
995358428
126706006
42028291
410903363
255308636
828795430
380757414
224507834
83238631
453858199
977057374
468422638
532489572
847535824
307328145
511447523
359965362
498574371
952791138
897198757
962963387
60799359
1580385
14031117
605150865
230071625
247168277
86603348
136823795
148579645
637326811
984698577
275285652
679355102
248118293
530594288
360666885
628875708
607618477
296421871
935250261
437192204
764844509
320256186
137244381
924689008
831703710
497209743
275779732
637011201
246924853
91259473
697810560
248505238
105290590
155477778
478576863
352458867
94597480
467917013
501038513
731924291
305131943
628840519
263795746
553250237
11951160
476978986
34642298
619569637
773400857
969892559
56761840
390761719
142665098
194006221
167967081
974368808
543732318
443746813
463896362
790657172
535006286
14223276
39162409
640296876
169701054
517739273
992755744
116814889
985656286
346310610
848739180
143304582
975151129
965051281
696554819
987102289
442030266
583713471
459188280
67947476
406122383
515950120
311225549
548787482
562472696
479192630
375672643
106205013
922939444
839569006
896862185
457945729
853792282
788540949
98242605
23493335
158796575
943514703
140308224
144452860
142341666
841563759
140273796
970009149
659131393
836828616
809627791
101161658
273058440
268816070
21625488
679180824
637282545
332851037
227968305
199755240
812043668
603640948
158476607
587499465
295726307
55338792
45445193
149518588
696396095
996204153
25528278
855192670
792235209
18352856
852161884
787093229
712432969
992435680
757102377
371564361
681780649
419246522
325242373
954839090
688062592
199384215
634019913
177861490
532235253
714504572
377616730
196795274
170661873
536093338
784294739
466388181
443948484
682256286
615906769
140344578
530976793
493951401
848053602
175728355
512304258
700215485
962821585
77253580
545167518
572440315
448817942
226948167
991686837
626576669
34303610
532265783
825960885
668323523
710127273
210712491
235344448
940260358
407507765
406006321
328870049
44318857
872394502
772818533
579091497
340817625
765679465
110068289
834769026
466249420
138312999
199589637
18981258
953650938
276843218
564148776
378607606
725661160
791096943
222810797
204754182
825400553
755076580
30715066
346240429
317720206
241427557
581584877
110496917
501451676
987591199
439366966
545770533
712502054
64701852
124862030
53319678
830381317
87446673
888088705
149147090
78276026
87678341
168128348
31926963
217037913
732277125
263050924
942699073
375890421
485861721
147453255
53807328
93454654
30684675
400047757
411174860
124628587
834148989
521671778
626080263
674256541
961038744
24367150
386758594
25740596
1745534
292594627
708638267
89192207
33199685
857785358
19984588
120878026
25913705
904427906
190432294
610707184
167478829
133131366
986597606
653340550
133100975
40404933
746795204
16302005
292969044
10486418
140930592
127118032
384674550
767010855
801374573
198229647
791378005
40649521
76486597
793123539
333244148
785124865
734832101
366443833
495426576
607333043
339838213
373856635
511760948
530270507
984563820
531756132
515918228
823677779
37613035
501535557
864082712
784408240
370353916
9568109
647411012
511284508
136686142
32085561
130811717
790577069
230315208
774706076
831226590
306801806
420345969
16987091
944443025
7694423
235947278
292385954
615027466
575785492
666242589
126788413
958572353
503322762
511060899
327006934
179516894
548673935
828542492
43599605
185598528
51412761
53167715
833009540
562697270
42370211
865095101
546025341
832947280
947926663
320731416
516690224
107244822
741077385
386193669
51687846
748771808
622140948
344073800
216315627
50442793
862832744
195620395
9015145
218671859
706681294
336022080
398188754
255355228
17080925
294304713
440953756
68493686
199988782
126479649
483707310
242358993
991574750
29732650
927822628
792017767
202980421
297029205
899262589
944057806
683222874
950950436
545345968
305363821
147540589
761661595
355806614
10373332
957281990
217338114
81561546
516479638
553360194
479750300
771834866
422957473
774055013
65304976
491451159
974043796
191784625
975158470
68919142
35875729
857407474
996741770
827893496
60387894
293770974
579672438
856962055
976993849
383139227
254824376
134874023
530679817
16485970
343196992
393569503
826284315
560535106
475131049
195280306
113895299
954881349
967115172
389369126
581452716
884936502
880820285
555496511
76721127
708495108
624415653
965113211
418418936
473673777
645523060
478806830
767444751
225195497
188285238
596954953
608334725
443109614
584345331
991530896
312111939
927542323
237616752
138396253
488077428
712747802
186192913
454489081
520145504
5824438
843858207
101598219
890760941
577194845
509611084
819998422
138206307
986543092
785111632
556625243
460216868
283151045
887948427
80177972
508346542
76233665
529649280
969197621
519343279
113994610
960728516
831455218
41536932
50861622
822367825
382130714
763609424
8560737
689136149
136271281
14385176
385510709
90385855
757662471
962705554
452513293
577660892
953428215
439056384
215288877
362569811
751789606
498439922
250518238
831967579
859302818
179268257
214133212
828500439
698611536
328127822
641745308
382583108
222181108
692606930
57467286
456828176
308732707
918544379
145964324
297520343
785445909
531475033
387906198
543108379
346696940
840419491
973285625
152641509
131992229
41090855
515211320
883781835
539530777
765729558
568265767
251349948
944997815
782398979
79850386
496125705
963043155
574112049
731225167
37740616
119235332
788692453
494568792
280484394
559753185
640533116
578004737
345199093
24524502
965910935
740823826
223737797
658846779
714109450
376379306
643355362
755200305
891590626
379653551
147247435
509836538
947919318
398597384
307350706
582834651
330964124
803476411
398394159
757592527
387217931
436134776
876827860
28426738
930703568
9828607
588179923
423753038
587833344
933379017
448277540
406260632
526719196
672015337
65107410
93345000
48394642
560979127
848545305
792501623
940632678
848309095
302338160
741068349
99422832
609688866
176419353
430386956
265681631
574813513
40495837
652899562
10948288
917323697
681326300
941651856
927152304
122022577
217921247
367502001
55401593
666198788
773762633
434637143
190730478
691386397
527982143
91641475
252365523
229043802
884143098
45514554
77352896
38997611
786582904
176775728
501202831
963002257
459679038
766884462
537815769
500174875
272300378
401280411
270014925
806143032
195448621
49683582
928165609
413369868
417185583
836083556
79568655
190948215
270720699
122815488
882334613
798702842
66973317
987216490
27746643
951116415
32731044
957615894
842630380
819313948
134391621
343833210
634832558
446587014
963234027
25164681
946761889
88050758
426445092
216776814
894193790
621893713
266460396
822359399
35263581
683645980
510959308
967348591
727110549
781680007
90164078
461961515
432899203
9653749
449178005
313162200
960770164
334425403
123294448
655916897
6255704
110202423
999750108
641088262
556789437
815500488
666252943
503551326
903551246
92698035
572844494
797745035
714591748
839304890
472620787
602371683
375467223
983580096
569720274
102577772
617776456
512400706
417055641
903192013
522054456
866233646
68870567
335340973
53175402
192165015
991257871
59431106
302367438
843524332
700519369
859156876
511541173
366772311
215224555
415092418
311986700
788069049
65353806
26578448
479890292
390490948
481466485
855357516
226587397
51186758
810451642
844363853
416103819
80023636
600072220
790674629
946257283
668942787
126015601
999432685
861107802
969789826
58863791
163475239
665830511
611899514
22632114
29888037
978671825
90373023
444980455
143174879
878442072
362850616
22269681
358332364
753341564
503736166
66206233
979928961
407439279
729174229
676809167
823543098
809197865
276881386
466734080
607971501
945824173
445266035
459920540
659448328
267572215
371300685
822923568
933402726
983200199
698072036
963290764
814388377
788445060
260787572
957563256
519403485
623638188
979832937
877735849
229496105
483569103
796458436
209425065
891008382
525632664
886234233
567067833
187346883
15631972
33801912
795318384
813972500
331584301
255238923
473420827
599156516
626539608
148860748
385075596
462256160
699449139
200882713
276644537
340410552
461670285
86724146
859814037
937824828
66557083
590066240
167320932
402642540
386524675
229262352
146167275
764673694
115496584
713235108
952020577
983644911
599553374
747338960
797617410
931137675
855094238
123554591
382810545
334150199
124931693
767886141
796406360
824380832
968768854
73050896
164791383
282955492
12291396
24605420
220780319
78848479
467188014
240617606
481491019
853712689
469879958
627658294
470902736
437892896
193409755
422923312
421537806
645479483
22778626
71671570
429133512
877872864
47742515
811944057
64539416
172674208
579830197
860945776
997055041
401115404
786513026
14362777
684070896
798804423
38968197
904851216
877652902
358672565
145468821
211660275
64901608
467865133
691834923
535804344
905758029
885244679
958727657
179812188
383240515
834022637
251483758
812374027
564411854
299226273
624318083
628951270
471900482
56664633
489897046
321471876
457780037
128926425
335834653
141850933
927730848
227319205
899218503
657900104
585991770
897203678
869560379
650893378
217585164
413911655
186697722
123343192
151672687
997941733
303155380
534913203
831964369
407155493
347287229
248892576
706381766
824121667
877843846
30798601
880786300
220257245
352270477
191082691
349183671
688105131
185449978
276914518
915424336
937184835
934814622
353932459
686904866
656891354
4825837
904490030
70803009
44039913
27833221
74992050
41981645
183504955
609905253
726462368
590660448
957192483
975354944
149558568
633830503
853198789
32873523
367133156
73456034
385144001
558215847
275156059
925765486
596182179
552070577
693706175
533367013
339401553
47638633
72788232
848809261
52464470
977278262
772128624
96504383
857627837
847120675
991002383
41132792
457025927
