1000
4
7
12
19
28
39
52
67
84
103
124
147
172
199
228
259
292
327
364
403
444
487
532
579
628
679
732
787
844
903
964
27
92
159
228
299
372
447
524
603
684
767
852
939
28
119
212
307
404
503
604
707
812
919
28
139
252
367
484
603
724
847
972
99
228
359
492
627
764
903
44
187
332
479
628
779
932
87
244
403
564
727
892
59
228
399
572
747
924
103
284
467
652
839
28
219
412
607
804
3
204
407
612
819
28
239
452
667
884
103
324
547
772
999
228
459
692
927
164
403
644
887
132
379
628
879
132
387
644
903
164
427
692
959
228
499
772
47
324
603
884
167
452
739
28
319
612
907
204
503
804
107
412
719
28
339
652
967
284
603
924
247
572
899
228
559
892
227
564
903
244
587
932
279
628
979
332
687
44
403
764
127
492
859
228
599
972
347
724
103
484
867
252
639
28
419
812
207
604
3
404
807
212
619
28
439
852
267
684
103
524
947
372
799
228
659
92
527
964
403
844
287
732
179
628
79
532
987
444
903
364
827
292
759
228
699
172
647
124
603
84
567
52
539
28
519
12
507
4
503
4
507
12
519
28
539
52
567
84
603
124
647
172
699
228
759
292
827
364
903
444
987
532
79
628
179
732
287
844
403
964
527
92
659
228
799
372
947
524
103
684
267
852
439
28
619
212
807
404
3
604
207
812
419
28
639
252
867
484
103
724
347
972
599
228
859
492
127
764
403
44
687
332
979
628
279
932
587
244
903
564
227
892
559
228
899
572
247
924
603
284
967
652
339
28
719
412
107
804
503
204
907
612
319
28
739
452
167
884
603
324
47
772
499
228
959
692
427
164
903
644
387
132
879
628
379
132
887
644
403
164
927
692
459
228
999
772
547
324
103
884
667
452
239
28
819
612
407
204
3
804
607
412
219
28
839
652
467
284
103
924
747
572
399
228
59
892
727
564
403
244
87
932
779
628
479
332
187
44
903
764
627
492
359
228
99
972
847
724
603
484
367
252
139
28
919
812
707
604
503
404
307
212
119
28
939
852
767
684
603
524
447
372
299
228
159
92
27
964
903
844
787
732
679
628
579
532
487
444
403
364
327
292
259
228
199
172
147
124
103
84
67
52
39
28
19
12
7
4
3
4
7
12
19
28
39
52
67
84
103
124
147
172
199
228
259
292
327
364
403
444
487
532
579
628
679
732
787
844
903
964
27
92
159
228
299
372
447
524
603
684
767
852
939
28
119
212
307
404
503
604
707
812
919
28
139
252
367
484
603
724
847
972
99
228
359
492
627
764
903
44
187
332
479
628
779
932
87
244
403
564
727
892
59
228
399
572
747
924
103
284
467
652
839
28
219
412
607
804
3
204
407
612
819
28
239
452
667
884
103
324
547
772
999
228
459
692
927
164
403
644
887
132
379
628
879
132
387
644
903
164
427
692
959
228
499
772
47
324
603
884
167
452
739
28
319
612
907
204
503
804
107
412
719
28
339
652
967
284
603
924
247
572
899
228
559
892
227
564
903
244
587
932
279
628
979
332
687
44
403
764
127
492
859
228
599
972
347
724
103
484
867
252
639
28
419
812
207
604
3
404
807
212
619
28
439
852
267
684
103
524
947
372
799
228
659
92
527
964
403
844
287
732
179
628
79
532
987
444
903
364
827
292
759
228
699
172
647
124
603
84
567
52
539
28
519
12
507
4
503
4
507
12
519
28
539
52
567
84
603
124
647
172
699
228
759
292
827
364
903
444
987
532
79
628
179
732
287
844
403
964
527
92
659
228
799
372
947
524
103
684
267
852
439
28
619
212
807
404
3
604
207
812
419
28
639
252
867
484
103
724
347
972
599
228
859
492
127
764
403
44
687
332
979
628
279
932
587
244
903
564
227
892
559
228
899
572
247
924
603
284
967
652
339
28
719
412
107
804
503
204
907
612
319
28
739
452
167
884
603
324
47
772
499
228
959
692
427
164
903
644
387
132
879
628
379
132
887
644
403
164
927
692
459
228
999
772
547
324
103
884
667
452
239
28
819
612
407
204
3
804
607
412
219
28
839
652
467
284
103
924
747
572
399
228
59
892
727
564
403
244
87
932
779
628
479
332
187
44
903
764
627
492
359
228
99
972
847
724
603
484
367
252
139
28
919
812
707
604
503
404
307
212
119
28
939
852
767
684
603
524
447
372
299
228
159
92
27
964
903
844
787
732
679
628
579
532
487
444
403
364
327
292
259
228
199
172
147
124
103
84
67
52
39
28
19
12
7
4
3
